950
297 395
766 188
56 58
434 4
398 455
12 96
41 171
477 744
380 130
699 947
164 63
559 79
436 399
73 57
268 168
661 252
48 848
893 914
61 917
370 579
108 59
438 103
109 422
389 719
361 606
690 435
152 461
186 158
487 314
518 142
125 193
535 790
378 526
758 388
289 119
515 405
341 367
368 421
446 368
126 50
1 4
449 746
215 662
514 110
757 484
382 106
7 107
159 817
190 152
283 182
441 333
54 188
140 64
72 482
162 78
551 529
552 724
189 660
449 95
219 196
934 76
530 331
35 860
211 341
888 131
152 155
105 84
157 375
383 831
526 873
607 609
308 240
916 83
131 399
232 229
1 7
480 210
65 323
67 62
223 122
555 680
575 300
105 695
572 370
152 532
250 52
537 392
100 259
58 237
534 473
903 422
390 329
386 62
115 119
429 315
839 767
245 739
757 924
17 78
107 610
573 30
477 814
173 97
82 143
70 614
34 85
599 785
214 352
196 58
800 617
97 83
157 823
709 551
51 597
264 302
219 349
245 236
228 106
583 861
733 257
157 197
335 8
648 169
54 521
210 84
136 373
268 339
591 40
696 139
769 33
309 403
755 713
485 147
797 369
181 571
165 221
144 29
4 142
212 79
366 183
197 761
637 519
124 83
71 110
776 362
859 832
88 160
15 43
370 360
90 329
133 70
8 69
3 1
804 806
247 215
227 18
753 325
121 68
483 56
406 22
890 645
223 899
363 335
546 521
699 167
179 334
705 172
40 18
863 243
175 11
25 465
943 62
375 651
58 132
879 515
186 271
70 56
452 688
233 113
107 703
89 296
439 882
714 506
24 141
666 114
51 125
509 173
400 448
652 527
22 818
642 195
898 141
548 316
456 334
363 389
135 200
130 57
541 620
809 448
706 140
931 36
205 922
752 292
288 70
623 711
67 114
14 117
123 97
168 762
702 833
57 71
577 483
43 941
66 24
522 297
635 460
49 194
55 345
97 159
6 49
568 84
826 55
372 157
207 21
258 777
778 467
220 229
919 736
46 68
6 26
765 403
261 354
31 46
379 570
869 563
187 321
79 91
387 555
497 461
270 217
552 569
503 683
153 48
137 840
604 74
107 811
348 400
371 70
169 48
135 2
472 200
341 645
199 42
198 309
64 842
496 675
17 27
18 170
65 45
669 192
205 279
136 287
80 238
256 250
820 578
408 203
377 38
326 63
598 906
427 443
234 687
300 138
310 181
87 829
56 298
801 391
28 475
239 225
827 339
273 344
563 24
684 3
554 338
543 263
184 37
413 608
324 405
334 813
325 3
387 542
497 804
270 286
6 31
751 60
48 266
936 321
294 640
368 865
467 689
489 85
6 5
938 264
628 896
749 279
10 2
531 600
115 351
42 6
39 211
754 24
599 149
370 451
499 756
14 1
933 720
909 546
868 921
526 808
203 184
99 54
435 317
38 418
68 111
165 106
126 312
45 437
21 20
657 676
210 815
552 109
455 668
287 394
84 430
61 557
331 38
13 12
812 306
181 106
901 330
671 347
427 517
346 362
741 565
235 64
156 120
253 67
501 939
918 236
311 50
355 469
621 16
412 490
726 297
76 468
244 692
522 611
174 187
915 716
767 147
128 54
353 319
466 443
702 552
368 337
410 830
843 581
550 12
498 334
592 321
212 240
158 327
197 664
66 805
247 452
227 547
76 1
417 356
51 10
853 748
165 198
729 286
20 90
30 18
731 694
646 132
506 140
4 231
43 234
719 870
59 38
68 148
862 343
29 35
361 186
892 693
387 336
400 503
194 301
84 47
115 22
170 225
275 37
462 81
183 129
710 504
166 163
100 66
245 269
760 334
83 381
293 156
119 781
500 30
14 670
474 763
36 32
176 284
184 376
37 61
752 799
103 78
29 458
79 209
54 178
201 25
321 431
874 159
367 633
266 887
87 24
391 433
191 11
440 851
242 21
855 627
109 773
215 52
794 305
1 2
643 782
647 74
47 202
942 179
641 70
179 155
199 328
44 13
504 19
192 178
71 704
84 513
153 359
574 36
492 40
478 745
42 74
538 186
528 225
877 638
79 34
618 196
907 261
379 284
334 578
14 38
252 864
881 17
477 263
836 327
161 99
419 856
500 519
222 142
358 351
44 63
31 872
260 212
206 147
295 285
467 74
236 219
725 728
370 708
213 108
538 932
598 483
449 912
289 333
53 39
391 363
742 359
834 658
145 189
31 667
944 819
19 230
277 162
76 607
398 638
488 523
88 316
25 636
177 20
876 461
816 647
747 21
406 463
627 682
412 59
743 717
259 735
462 493
913 800
93 59
12 346
22 120
34 18
25 1
294 320
771 166
138 113
724 732
324 488
65 392
655 251
266 340
422 445
218 26
681 577
457 150
590 413
420 780
336 628
550 832
658 113
146 9
744 891
383 127
707 320
317 236
885 793
795 764
138 693
45 88
292 259
524 31
54 102
428 194
313 595
455 516
247 307
258 622
548 615
711 803
263 176
413 291
29 282
520 868
426 60
871 181
401 199
86 147
828 285
326 450
112 168
730 206
8 214
791 776
14 20
180 17
85 257
14 824
465 520
91 303
2 11
679 571
5 1
624 459
224 102
33 47
230 336
34 355
535 229
255 315
531 950
67 585
48 625
459 282
320 541
249 146
564 219
18 64
109 67
52 484
663 46
948 210
340 581
288 593
246 145
84 536
582 332
45 72
45 34
130 478
319 384
418 858
12 632
1 226
15 540
499 269
94 98
162 306
779 616
608 750
177 718
802 683
623 585
582 770
508 249
561 459
419 386
181 586
201 415
775 704
20 264
567 326
80 251
471 880
59 290
23 104
743 841
713 167
327 884
846 818
63 788
453 717
23 3
361 946
364 267
77 440
255 152
649 5
28 18
507 16
636 793
80 343
470 336
85 244
18 6
396 212
112 111
9 4
644 192
411 179
6 878
407 190
30 313
251 285
477 678
369 267
202 216
278 348
78 866
93 502
119 176
783 215
454 233
447 583
489 602
420 313
90 374
29 20
299 275
130 347
42 57
928 533
82 512
12 3
285 740
410 194
361 630
337 147
154 129
549 115
149 23
665 147
807 641
385 45
414 15
471 325
309 424
886 286
42 60
392 737
444 25
867 212
198 297
708 787
404 105
195 447
456 738
154 397
911 757
152 130
416 926
432 316
603 249
525 76
4 80
205 146
494 228
20 62
217 111
4 92
134 95
339 902
367 720
101 98
453 419
75 30
67 131
208 121
558 551
798 723
150 13
439 13
850 815
258 464
894 12
195 505
716 201
425 60
545 442
672 56
471 481
179 588
167 145
248 52
296 474
179 294
318 291
629 488
496 439
619 219
24 281
529 12
626 113
33 56
32 261
736 118
46 129
273 64
338 694
764 423
893 799
542 937
897 430
252 133
631 49
86 365
434 617
685 293
33 31
594 513
22 20
288 723
5 8
357 634
306 476
715 132
59 584
161 712
929 893
940 712
656 810
819 427
620 825
393 293
659 195
849 565
54 82
27 613
9 15
55 29
342 112
53 113
423 11
174 144
76 357
16 77
356 228
277 491
272 920
149 838
23 89
700 628
835 465
13 16
220 165
119 562
204 171
949 439
378 235
589 177
580 127
413 837
930 285
266 784
308 409
341 486
217 511
52 935
653 381
460 698
605 416
272 58
41 314
101 185
786 419
525 821
437 587
734 457
531 266
663 673
889 137
157 388
6 24
566 68
151 34
388 527
411 657
253 442
7 17
305 139
544 352
473 329
350 539
36 39
905 337
163 7
857 46
792 633
330 61
102 560
927 356
545 759
267 64
495 337
691 363
124 565
25 81
371 460
416 236
814 895
95 10
141 398
224 360
52 677
304 203
181 925
479 179
732 945
35 904
686 338
596 527
42 106
533 460
172 135
249 274
195 115
173 276
243 226
311 332
53 643
510 124
796 415
402 244
875 320
418 722
145 4
324 147
225 322
398 768
204 656
262 70
697 517
461 844
256 654
182 40
845 470
789 77
910 757
427 382
176 616
193 280
350 10
3 37
462 601
50 265
106 157
639 151
338 37
8 54
137 79
799 852
474 854
674 71
650 495
453 556
241 50
86 319
291 181
31 116
883 444
169 576
129 501
701 259
563 822
258 223
341 612
43 50
139 46
118 6
11 19
136 60
923 620
48 36
